time_stamp	px_state	py_state	v_state	yaw_angle_state	yaw_rate_state	sensor_type	NIS	px_measured	py_measured	px_ground_truth	py_ground_truth	vx_ground_truth	vy_ground_truth
1477010443000000	0.312243	0.58034	0	0	0	lidar	0	0.312243	0.58034	0.6	0.6	5.19994	0
1477010443050000	0.733507	0.62763	7.2482	3.97146e-17	-6.10892e-19	radar	73.5871	0.862916	0.534212	0.859997	0.600045	5.19975	0.00179686
1477010443100000	1.16053	0.494835	7.25148	-0.126974	-0.0118285	lidar	0.219141	1.17385	0.481073	1.11998	0.600225	5.19943	0.00538996
1477010443150000	1.25649	0.535316	7.23454	0.125369	0.03068	radar	1.83122	0.969149	0.397513	1.37996	0.600629	5.19898	0.0107781
1477010443200000	1.61674	0.595535	7.24992	0.160045	0.0457678	lidar	0.157415	1.65063	0.62469	1.6399	0.601347	5.19839	0.0179597
1477010443250000	1.84798	0.56872	5.95992	0.0486632	-0.192894	radar	6.81729	1.62331	0.499091	1.89982	0.60247	5.19766	0.0269323
1477010443300000	2.16115	0.5945	5.96931	0.0517164	-0.147913	lidar	0.216724	2.18882	0.648739	2.1597	0.604086	5.19678	0.0376932
1477010443350000	2.3783	0.652949	5.44864	0.112655	0.067832	radar	5.81503	1.96701	0.557117	2.41954	0.606284	5.19573	0.0502389
1477010443400000	2.64876	0.681007	5.4523	0.111139	0.0440248	lidar	0.0140096	2.65526	0.66598	2.67932	0.609155	5.1945	0.0645654
1477010443450000	2.91966	0.661632	5.40504	0.0324576	-0.299661	radar	0.506796	2.92034	0.645898	2.93904	0.612786	5.19309	0.080668
1477010443500000	3.1517	0.660815	5.35727	0.0195022	-0.289739	lidar	1.12342	3.01222	0.637046	3.19869	0.617267	5.19147	0.0985415
1477010443550000	3.44559	0.52837	5.44111	-0.186842	-0.937686	radar	3.19652	3.56096	0.485311	3.45825	0.622685	5.18963	0.11818
1477010443600000	3.74287	0.442488	5.5091	-0.277536	-1.07155	lidar	2.1568	3.89365	0.311793	3.71772	0.62913	5.18754	0.139576
1477010443650000	4.02201	0.554619	5.46768	-0.10575	-0.449697	radar	7.55497	4.19786	0.698311	3.97708	0.636689	5.18519	0.162724
1477010443700000	4.29547	0.533313	5.46239	-0.117522	-0.422868	lidar	0.122979	4.30935	0.578564	4.23632	0.645449	5.18256	0.187614
1477010443750000	4.54894	0.594455	5.29392	-0.0501637	-0.220132	radar	2.58053	4.61908	0.68951	4.49542	0.655498	5.17962	0.214238
1477010443800000	4.73124	0.646104	5.10996	0.00236718	-0.0841992	lidar	11.379	4.35143	0.899174	4.75437	0.666921	5.17634	0.242587
1477010443850000	4.98333	0.64317	5.01153	-0.0055414	-0.0910603	radar	0.903456	5.20901	0.66599	5.01315	0.679804	5.1727	0.272649
1477010443900000	5.28139	0.641615	5.09491	-0.0120833	-0.0953001	lidar	3.01629	5.51894	0.648233	5.27175	0.694234	5.16867	0.304413
1477010443950000	5.54199	0.65359	5.25592	-0.0036605	-0.0724971	radar	2.0606	5.22834	0.639362	5.53013	0.710295	5.16422	0.337868
1477010444000000	5.84022	0.662846	5.31673	-0.00115072	-0.0629173	lidar	1.87323	6.022	0.708619	5.78828	0.728072	5.15932	0.372999
1477010444050000	6.0835	0.560884	5.14378	-0.0713948	-0.166465	radar	5.59101	5.89392	0.373584	6.04618	0.747647	5.15393	0.409793
1477010444100000	6.33942	0.624919	5.12633	-0.0273569	-0.0896182	lidar	5.86506	6.34249	0.948833	6.30379	0.769103	5.14803	0.448233
1477010444150000	6.58763	0.685448	5.07048	0.00878717	-0.0328677	radar	2.37339	6.62134	0.836138	6.5611	0.792523	5.14157	0.488305
1477010444200000	6.83125	0.693016	5.05235	0.0105434	-0.0282329	lidar	0.15304	6.78214	0.714036	6.81808	0.817988	5.13452	0.52999
1477010444250000	7.07265	0.672385	4.88428	-0.00401125	-0.0451753	radar	1.67324	7.29121	0.630741	7.07469	0.845578	5.12685	0.573269
1477010444300000	7.28696	0.729472	4.82462	0.0252585	-0.0061278	lidar	4.08814	7.13735	0.957217	7.3309	0.875373	5.11851	0.618123
1477010444350000	7.58691	0.746296	5.17353	0.0301314	-0.000129631	radar	5.38273	8.08349	0.819605	7.58668	0.907449	5.10946	0.664531
1477010444400000	7.83887	0.747077	5.16238	0.0267835	-0.00391212	lidar	0.102914	7.80533	0.719126	7.84199	0.941886	5.09966	0.712469
1477010444450000	8.08573	0.776044	4.98267	0.0370275	0.00752247	radar	2.49819	8.40453	0.884557	8.0968	0.978759	5.08907	0.761915
1477010444500000	8.3204	0.796699	4.95699	0.0429691	0.0136453	lidar	0.38534	8.24796	0.840322	8.35106	1.01814	5.07766	0.812843
1477010444550000	8.59146	0.932627	5.2465	0.0999397	0.0731124	radar	15.6679	8.45858	1.41118	8.60472	1.06011	5.06537	0.865226
1477010444600000	8.83486	0.977833	5.21599	0.112134	0.0820349	lidar	0.699216	8.74615	1.04858	8.85775	1.10473	5.05216	0.919037
1477010444650000	9.12702	1.0196	5.27327	0.120494	0.0860906	radar	6.80154	9.8809	1.1419	9.1101	1.15208	5.03798	0.974245
1477010444700000	9.36715	1.05167	5.2348	0.125359	0.0867968	lidar	0.657363	9.25579	1.04913	9.36172	1.20223	5.0228	1.03082
1477010444750000	9.64652	1.14864	5.30294	0.154695	0.111054	radar	6.79158	10.1016	1.52474	9.61255	1.25524	5.00656	1.08873
1477010444800000	9.92999	1.2431	5.3524	0.180286	0.130165	lidar	3.04388	10.0484	1.44598	9.86254	1.31118	4.98922	1.14794
1477010444850000	10.1735	1.34772	5.11856	0.209875	0.152226	radar	7.23314	10.5377	1.72555	10.1117	1.37011	4.97074	1.20841
1477010444900000	10.3952	1.41451	5.0719	0.223447	0.158008	lidar	1.24364	10.2492	1.45907	10.3598	1.4321	4.95106	1.2701
1477010444950000	10.6243	1.49606	4.85649	0.242264	0.168327	radar	3.31013	10.9084	1.70343	10.6069	1.49721	4.93014	1.33298
1477010445000000	10.8393	1.53434	4.8126	0.244092	0.162377	lidar	0.989586	10.7313	1.45265	10.853	1.56549	4.90794	1.39701
1477010445050000	11.111	1.57252	5.00447	0.241709	0.152517	radar	3.15936	11.4783	1.42876	11.0979	1.637	4.8844	1.46213
1477010445100000	11.3911	1.62886	5.06886	0.245486	0.148824	lidar	2.04297	11.587	1.61462	11.3416	1.71179	4.85948	1.52832
1477010445150000	11.622	1.67339	4.97408	0.247791	0.144231	radar	0.815171	11.4763	1.53917	11.584	1.78992	4.83313	1.59551
1477010445200000	11.8492	1.73771	4.95138	0.256756	0.145871	lidar	0.267022	11.7788	1.74591	11.8251	1.87144	4.80531	1.66366
1477010445250000	12.1076	1.84223	5.14081	0.276369	0.156904	radar	2.97467	12.136	2.14937	12.0647	1.95639	4.77598	1.73273
1477010445300000	12.3499	1.8862	5.11974	0.275141	0.148704	lidar	0.630885	12.3226	1.78353	12.3029	2.04482	4.74508	1.80265
1477010445350000	12.6083	1.94162	5.22873	0.276016	0.142632	radar	0.946903	12.5457	1.77728	12.5394	2.13677	4.71257	1.87338
1477010445400000	12.8157	2.04944	5.17051	0.298656	0.156758	lidar	3.55205	12.5924	2.17509	12.7743	2.23227	4.67842	1.94485
1477010445450000	13.0838	2.18008	5.3589	0.322462	0.171048	radar	5.32449	13.2198	2.6644	13.0075	2.33137	4.64258	2.01701
1477010445500000	13.2963	2.29825	5.30575	0.345199	0.183966	lidar	3.00196	13.0875	2.40708	13.2388	2.43409	4.605	2.08981
1477010445550000	13.467	2.45841	4.95153	0.385926	0.213306	radar	20.2157	12.7087	3.12439	13.4682	2.54047	4.56565	2.16317
1477010445600000	13.7179	2.56779	4.99893	0.399622	0.216033	lidar	0.918489	13.836	2.62479	13.6955	2.65053	4.52448	2.23703
1477010445650000	13.9384	2.67245	4.96292	0.413533	0.218923	radar	0.260458	13.8302	2.73893	13.9208	2.7643	4.48147	2.31134
1477010445700000	14.1712	2.81056	5.00031	0.436138	0.229456	lidar	1.06557	14.2106	2.94205	14.1439	2.88179	4.43656	2.38601
1477010445750000	14.4248	2.91894	5.19445	0.44393	0.225677	radar	1.12216	14.5568	2.87021	14.3646	3.00303	4.38974	2.46099
1477010445800000	14.6278	3.00511	5.12204	0.449802	0.220777	lidar	1.99534	14.4616	2.90734	14.583	3.12802	4.34097	2.5362
1477010445850000	14.8569	3.18883	5.25391	0.483374	0.240943	radar	9.88311	14.6754	3.96041	14.7989	3.25679	4.29021	2.61157
1477010445900000	15.0769	3.35754	5.27292	0.511353	0.255332	lidar	1.43009	15.0261	3.5067	15.0122	3.38932	4.23744	2.68703
1477010445950000	15.2858	3.5302	5.13181	0.541623	0.271795	radar	6.16043	15.3685	4.14761	15.2228	3.52563	4.18263	2.76249
1477010446000000	15.506	3.70251	5.17033	0.567239	0.282654	lidar	0.947477	15.5236	3.82936	15.4306	3.66572	4.12575	2.83789
1477010446050000	15.7211	3.80974	5.10504	0.571563	0.273925	radar	2.18691	15.7234	3.4105	15.6355	3.80957	4.06678	2.91315
1477010446100000	15.941	3.96109	5.12712	0.588075	0.276477	lidar	0.160864	15.9774	4.00094	15.8375	3.95719	4.00571	2.98817
1477010446150000	16.1396	4.1024	4.94744	0.604974	0.27995	radar	1.54384	16.3376	4.21632	16.0363	4.10854	3.94251	3.0629
1477010446200000	16.3379	4.29277	4.99349	0.634322	0.293734	lidar	1.35958	16.3313	4.44499	16.2319	4.26363	3.87716	3.13723
1477010446250000	16.552	4.44639	5.05517	0.64768	0.292407	radar	0.571349	16.7586	4.48231	16.4242	4.42242	3.80966	3.21109
1477010446300000	16.7274	4.61997	5.04039	0.672057	0.301053	lidar	0.988248	16.6039	4.67344	16.613	4.5849	3.74	3.28438
1477010446350000	16.8863	4.78094	4.71735	0.69761	0.31191	radar	4.16058	16.9236	5.10119	16.7983	4.75103	3.66817	3.35704
1477010446400000	17.0507	5.0024	4.77922	0.735921	0.332139	lidar	2.74189	16.9955	5.21099	16.9799	4.92077	3.59416	3.42897
1477010446450000	17.2309	5.13057	4.72783	0.742122	0.322955	radar	2.67723	17.3421	4.64623	17.1579	5.09409	3.51797	3.50008
1477010446500000	17.3834	5.32852	4.74705	0.772537	0.335542	lidar	1.16018	17.2894	5.43542	17.3319	5.27094	3.4396	3.57028
1477010446550000	17.552	5.44632	4.63378	0.775935	0.323928	radar	5.29683	17.6463	4.74597	17.5019	5.45128	3.35907	3.63949
1477010446600000	17.7268	5.61255	4.65241	0.790826	0.32285	lidar	0.188665	17.7853	5.62476	17.6679	5.63506	3.27637	3.70762
1477010446650000	17.8784	5.78851	4.56103	0.813079	0.328822	radar	1.15719	17.9216	6.07151	17.8297	5.82221	3.19151	3.77458
1477010446700000	18.0451	6.00705	4.64969	0.841626	0.339667	lidar	1.88599	18.1263	6.16985	17.9872	6.01269	3.10453	3.84027
1477010446750000	18.1979	6.21824	4.72574	0.8684	0.348185	radar	3.1624	18.1245	6.79027	18.1402	6.20641	3.01542	3.90462
1477010446800000	18.3231	6.46754	4.79391	0.909683	0.369107	lidar	2.88035	18.2164	6.66138	18.2888	6.40332	2.92421	3.96753
1477010446850000	18.4591	6.67409	4.75869	0.935443	0.375971	radar	1.2255	18.4022	7.02231	18.4328	6.60333	2.83093	4.0289
1477010446900000	18.5915	6.84088	4.70902	0.948961	0.371214	lidar	0.505977	18.5422	6.76013	18.572	6.80638	2.7356	4.08867
1477010446950000	18.741	7.05367	4.84886	0.967574	0.370578	radar	0.799588	18.8089	7.24388	18.7064	7.01237	2.63825	4.14672
1477010447000000	18.9214	7.23004	4.85888	0.969439	0.356318	lidar	2.79555	19.1441	7.18344	18.8359	7.22122	2.53893	4.20299
1477010447050000	19.0159	7.41335	4.61969	0.995966	0.365141	radar	3.79221	18.5479	7.4012	18.9604	7.43283	2.43767	4.25737
1477010447100000	19.1125	7.67941	4.71253	1.03802	0.385919	lidar	2.74469	19.0138	7.8688	19.0798	7.64712	2.3345	4.3098
1477010447150000	19.2376	7.87587	4.74077	1.05288	0.381711	radar	0.419561	19.3089	7.67375	19.1939	7.86397	2.22949	4.36017
1477010447200000	19.3156	8.10107	4.73587	1.08553	0.393196	lidar	1.85692	19.132	8.12845	19.3028	8.08329	2.12266	4.40842
1477010447250000	19.4153	8.3108	4.79031	1.1057	0.392756	radar	2.16003	19.0239	8.17194	19.4062	8.30497	2.01409	4.45445
1477010447300000	19.4987	8.47302	4.67205	1.11942	0.387079	lidar	2.77723	19.347	8.30741	19.5042	8.5289	1.90381	4.49819
1477010447350000	19.5974	8.66226	4.58722	1.13541	0.384541	radar	0.853782	19.6843	8.35902	19.5966	8.75494	1.7919	4.53956
1477010447400000	19.7427	8.86602	4.62134	1.14003	0.372483	lidar	3.64196	20.0039	8.8906	19.6835	8.983	1.67841	4.57848
1477010447450000	19.8187	9.08756	4.54628	1.16776	0.381239	radar	1.79826	19.6061	9.48659	19.7645	9.21294	1.56341	4.61488
1477010447500000	19.9416	9.33222	4.64254	1.18382	0.379376	lidar	3.33105	20.1574	9.45949	19.8398	9.44463	1.44697	4.64869
1477010447550000	19.9948	9.54051	4.46166	1.21391	0.3905	radar	2.72255	19.6163	9.76606	19.9093	9.67795	1.32916	4.67984
1477010447600000	20.079	9.78978	4.54621	1.23843	0.395258	lidar	1.14066	20.1573	9.90876	19.9728	9.91275	1.21005	4.70826
1477010447650000	20.1221	10.0908	4.76549	1.28015	0.413596	radar	20.6713	19.1911	11.5493	20.0303	10.1489	1.08972	4.73389
1477010447700000	20.1782	10.361	4.84341	1.3108	0.422433	lidar	0.724786	20.166	10.4687	20.0818	10.3863	0.968259	4.75666
1477010447750000	20.1994	10.5874	4.66405	1.34621	0.436776	radar	3.9832	19.6775	10.803	20.1271	10.6247	0.845742	4.77652
1477010447800000	20.2607	10.8635	4.77255	1.37209	0.440903	lidar	1.8823	20.371	11.0109	20.1663	10.864	0.722256	4.7934
1477010447850000	20.2723	11.1604	4.90243	1.41292	0.45718	radar	13.5466	19.4335	12.3402	20.1993	11.1041	0.597892	4.80727
1477010447900000	20.3121	11.3872	4.87	1.43236	0.454122	lidar	0.0957737	20.3164	11.3483	20.2261	11.3449	0.472738	4.81807
1477010447950000	20.2689	11.6228	4.57475	1.48601	0.485372	radar	16.1475	19.2063	12.2418	20.2466	11.5861	0.346889	4.82575
1477010448000000	20.3381	11.8584	4.60516	1.49516	0.47315	lidar	4.37297	20.6141	11.9422	20.2608	11.8275	0.220439	4.83027
1477010448050000	20.3535	12.1051	4.79638	1.51473	0.466478	radar	3.5038	19.966	11.9688	20.2687	12.0692	0.093487	4.83159
1477010448100000	20.3482	12.3898	4.89792	1.54746	0.474927	lidar	0.758702	20.3263	12.4966	20.2701	12.3108	-0.0338694	4.82968
1477010448150000	20.3175	12.5971	4.61909	1.58601	0.491616	radar	4.03667	20.0192	12.4823	20.2652	12.5522	-0.161529	4.82451
1477010448200000	20.3408	12.8343	4.63498	1.60186	0.484597	lidar	1.47357	20.498	12.8924	20.254	12.7933	-0.28939	4.81605
1477010448250000	20.3521	13.0207	4.49198	1.61767	0.477893	radar	5.42679	20.9151	12.2555	20.2363	13.0339	-0.417348	4.80428
1477010448300000	20.3173	13.2327	4.46485	1.64749	0.482512	lidar	1.00547	20.1943	13.1688	20.2122	13.2738	-0.545298	4.78918
1477010448350000	20.2824	13.462	4.50417	1.67584	0.485493	radar	1.67838	19.858	13.5236	20.1818	13.5129	-0.673135	4.77072
1477010448400000	20.2542	13.7393	4.63299	1.70309	0.488879	lidar	1.57828	20.3245	13.8896	20.1449	13.7509	-0.800753	4.74892
1477010448450000	20.2195	13.9338	4.4797	1.73012	0.492745	radar	1.63409	20.3387	13.5307	20.1017	13.9878	-0.928043	4.72374
1477010448500000	20.1561	14.2114	4.6246	1.76424	0.501525	lidar	1.11155	20.1216	14.337	20.0521	14.2233	-1.0549	4.69521
1477010448550000	20.09	14.4321	4.59846	1.79625	0.507868	radar	1.79773	19.6717	14.4038	19.9962	14.4573	-1.18121	4.66331
1477010448600000	19.9766	14.7097	4.75602	1.84072	0.524455	lidar	2.54492	19.781	14.773	19.934	14.6897	-1.30687	4.62805
1477010448650000	19.9258	14.8972	4.67451	1.86045	0.517153	radar	5.43888	20.1149	14.0165	19.8655	14.9202	-1.43177	4.58944
1477010448700000	19.8819	15.1306	4.68446	1.87807	0.510584	lidar	1.30014	20.0208	15.2053	19.7908	15.1486	-1.55581	4.54751
1477010448750000	19.7885	15.2994	4.32584	1.92664	0.54	radar	9.4879	20.0157	15.3443	19.7099	15.3749	-1.67887	4.50226
1477010448800000	19.7473	15.4978	4.2904	1.94229	0.530679	lidar	1.62703	19.9131	15.554	19.6229	15.5989	-1.80085	4.45372
1477010448850000	19.6804	15.6649	4.19804	1.96628	0.528245	radar	2.34212	19.9388	15.0864	19.5298	15.8203	-1.92164	4.40193
1477010448900000	19.5567	15.913	4.36717	2.00201	0.53677	lidar	1.09991	19.4748	16.0098	19.4307	16.039	-2.04114	4.3469
1477010448950000	19.4566	16.1154	4.42599	2.02703	0.532865	radar	1.49921	19.1556	16.0022	19.3257	16.2549	-2.15925	4.28868
1477010449000000	19.3348	16.3127	4.44764	2.06024	0.538234	lidar	0.583596	19.238	16.2719	19.2148	16.4679	-2.27586	4.22731
1477010449050000	19.2324	16.4906	4.38057	2.0893	0.541338	radar	0.508326	19.4007	16.2962	19.0981	16.6777	-2.39087	4.16284
1477010449100000	19.0781	16.7371	4.56688	2.12353	0.548017	lidar	1.11591	19.0029	16.8387	18.9757	16.8841	-2.50418	4.0953
1477010449150000	18.9234	16.9364	4.52071	2.17225	0.575428	radar	9.54962	18.8373	17.7112	18.8477	17.0872	-2.61571	4.02476
1477010449200000	18.7228	17.214	4.82767	2.20998	0.583947	lidar	2.82661	18.6148	17.3832	18.7142	17.2866	-2.72534	3.95127
1477010449250000	18.6136	17.4102	4.84639	2.2166	0.556296	radar	5.02731	18.8177	17.0316	18.5752	17.4822	-2.83299	3.87489
1477010449300000	18.3824	17.6286	5.02744	2.26319	0.571766	lidar	4.68133	18.1023	17.5529	18.4309	17.674	-2.93858	3.79568
1477010449350000	18.2399	17.8186	5.02268	2.27937	0.555702	radar	2.35135	18.2749	17.4877	18.2814	17.8617	-3.042	3.71372
1477010449400000	18.1036	18.0022	4.96506	2.30028	0.550144	lidar	0.712979	18.2094	18.0461	18.1268	18.0453	-3.14318	3.62906
1477010449450000	17.9483	18.1391	4.82887	2.33661	0.560587	radar	3.77817	18.3021	17.498	17.9671	18.2246	-3.24204	3.5418
1477010449500000	17.8215	18.2715	4.67332	2.36107	0.557383	lidar	0.6586	17.9018	18.2183	17.8026	18.3994	-3.3385	3.45199
1477010449550000	17.7163	18.4196	4.53553	2.37383	0.542616	radar	9.83318	18.8558	18.1364	17.6334	18.5697	-3.43247	3.35973
1477010449600000	17.4914	18.6285	4.75195	2.40447	0.5458	lidar	1.22403	17.3845	18.7039	17.4595	18.7353	-3.5239	3.26509
1477010449650000	17.3383	18.7465	4.62573	2.43527	0.549573	radar	3.7276	17.7945	18.0801	17.281	18.8962	-3.61271	3.16817
1477010449700000	17.1656	18.8902	4.60819	2.46241	0.549277	lidar	0.00882963	17.1762	18.8863	17.0983	19.0521	-3.69883	3.06904
1477010449750000	16.9846	19.0701	4.67519	2.47926	0.538523	radar	4.01065	16.9398	19.7311	16.9113	19.203	-3.78221	2.9678
1477010449800000	16.7542	19.1977	4.73696	2.51809	0.54782	lidar	2.83957	16.5734	19.052	16.7201	19.3488	-3.86278	2.86455
1477010449850000	16.5352	19.3764	4.86777	2.54082	0.54441	radar	5.52981	16.1674	20.2201	16.5251	19.4894	-3.9405	2.75938
1477010449900000	16.292	19.5489	5.01768	2.567	0.54359	lidar	0.576349	16.2338	19.6171	16.3262	19.6246	-4.01531	2.65237
1477010449950000	16.1024	19.6099	4.85556	2.60966	0.558245	radar	14.614	16.4366	18.2742	16.1237	19.7545	-4.08716	2.54364
1477010450000000	15.8851	19.7599	4.91834	2.63154	0.553512	lidar	0.744051	15.9243	19.8703	15.9176	19.8789	-4.15602	2.43329
1477010450050000	15.7254	19.8568	4.70824	2.6481	0.537806	radar	5.92669	16.2328	19.2166	15.7082	19.9978	-4.22185	2.32141
1477010450100000	15.4673	20.0257	4.90959	2.66754	0.531677	lidar	1.65685	15.4332	20.1836	15.4956	20.111	-4.28461	2.2081
1477010450150000	15.2082	20.2012	5.07183	2.67973	0.516748	radar	12.3295	14.3677	21.3406	15.2799	20.2185	-4.34427	2.09347
1477010450200000	15.033	20.3158	4.95826	2.69702	0.510371	lidar	2.35608	15.2016	20.4385	15.0613	20.3203	-4.4008	1.97763
1477010450250000	14.8075	20.3994	4.93195	2.72808	0.514921	radar	2.0331	14.7476	19.9571	14.84	20.4162	-4.4542	1.86068
1477010450300000	14.5949	20.5115	4.92013	2.74784	0.5103	lidar	0.763245	14.6665	20.6088	14.6161	20.5063	-4.50443	1.74272
1477010450350000	14.3317	20.6205	5.04416	2.77448	0.512674	radar	2.27257	13.841	21.0031	14.3897	20.5904	-4.55149	1.62386
1477010450400000	14.0938	20.6875	5.02222	2.80583	0.517201	lidar	0.569186	14.0521	20.5924	14.1611	20.6686	-4.59537	1.50421
1477010450450000	13.8473	20.7677	5.06493	2.83409	0.520807	radar	0.20756	13.8232	20.859	13.9304	20.7408	-4.63606	1.38386
1477010450500000	13.5736	20.8305	5.12819	2.86609	0.525199	lidar	1.17843	13.4686	20.7253	13.6977	20.807	-4.67357	1.26294
1477010450550000	13.3333	20.8618	5.15335	2.90681	0.542594	radar	3.94552	13.8263	20.4261	13.4632	20.8671	-4.70789	1.14153
1477010450600000	13.0985	20.8978	5.0933	2.93844	0.546412	lidar	0.280586	13.1072	20.8294	13.2271	20.9211	-4.73904	1.01975
1477010450650000	12.8703	20.9526	5.04434	2.96231	0.543873	radar	2.00072	13.2669	21.1579	12.9895	20.969	-4.76702	0.897694
1477010450700000	12.6959	20.9847	4.8556	2.98797	0.543857	lidar	2.19141	12.8729	21.0592	12.7506	21.0108	-4.79186	0.775469
1477010450750000	12.3982	21.0493	5.04423	3.01012	0.539982	radar	6.87046	11.5171	21.6724	12.5106	21.0465	-4.81358	0.653175
1477010450800000	12.1638	21.0802	5.0061	3.03618	0.539508	lidar	0.150766	12.2062	21.11	12.2695	21.0761	-4.83219	0.530912
1477010450850000	11.9315	21.0969	4.9983	3.06609	0.544025	radar	1.6717	12.3859	21.1066	12.0276	21.0996	-4.84773	0.408778
1477010450900000	11.7013	21.0661	4.9249	3.10649	0.555037	lidar	2.21063	11.6814	20.8651	11.785	21.117	-4.86022	0.286869
1477010450950000	11.4547	21.0525	4.94222	3.14077	0.561353	radar	1.45663	11.5265	20.6748	11.5418	21.1283	-4.86971	0.165281
1477010451000000	11.2554	21.0417	4.82295	3.17102	0.564136	lidar	0.765812	11.363	21.0688	11.2982	21.1335	-4.87623	0.0441057
1477010451050000	10.9835	21.0114	4.92371	3.20588	0.569977	radar	4.49925	10.5558	20.5567	11.0544	21.1327	-4.87982	-0.076565
1477010451100000	10.7902	20.9707	4.79323	3.24182	0.577177	lidar	0.803655	10.8903	20.927	10.8105	21.1259	-4.88053	-0.196643
1477010451150000	10.5091	20.9783	4.77924	3.25581	0.56018	radar	11.3257	9.30535	21.3896	10.5666	21.1131	-4.8784	-0.31604
1477010451200000	10.2309	20.9983	4.88266	3.26697	0.545594	lidar	2.59835	10.189	21.209	10.3229	21.0943	-4.87349	-0.434674
1477010451250000	9.99045	20.9789	4.87014	3.28965	0.541562	radar	1.04489	9.97958	21.2932	10.0795	21.0697	-4.86585	-0.552463
1477010451300000	9.82374	20.9331	4.69723	3.3229	0.548365	lidar	1.97041	9.99634	20.9797	9.83658	21.0391	-4.85554	-0.669327
1477010451350000	9.60777	20.9119	4.51587	3.34052	0.536684	radar	2.12912	9.38223	21.111	9.59422	21.0028	-4.84262	-0.785189
1477010451400000	9.43291	20.8588	4.41042	3.37243	0.541925	lidar	0.72748	9.53921	20.8762	9.35258	20.9607	-4.82714	-0.899977
1477010451450000	9.23475	20.8077	4.4125	3.40093	0.544421	radar	1.79186	9.63392	20.9724	9.11177	20.9128	-4.80919	-1.01362
1477010451500000	8.92317	20.7747	4.63104	3.41112	0.528275	lidar	3.27252	8.70331	20.8221	8.87192	20.8594	-4.78881	-1.12605
1477010451550000	8.76165	20.6795	4.51943	3.45343	0.543007	radar	11.3092	9.84634	20.009	8.63315	20.8003	-4.76608	-1.2372
1477010451600000	8.45554	20.6006	4.72774	3.47284	0.534384	lidar	4.00122	8.22277	20.4839	8.39557	20.7358	-4.74108	-1.34701
1477010451650000	8.23537	20.5189	4.73166	3.50058	0.535451	radar	0.0331998	8.29647	20.4978	8.1593	20.6657	-4.71387	-1.45542
1477010451700000	7.97615	20.4406	4.81363	3.52025	0.528772	lidar	0.524213	7.88599	20.45	7.92445	20.5903	-4.68453	-1.56237
1477010451750000	7.77401	20.3525	4.83582	3.5495	0.533135	radar	3.75793	8.29081	20.6565	7.69111	20.5096	-4.65313	-1.66781
1477010451800000	7.43861	20.289	5.064	3.54964	0.509062	lidar	4.91569	7.18029	20.392	7.45939	20.4237	-4.61975	-1.7717
1477010451850000	7.21065	20.1933	4.97561	3.57179	0.504697	radar	0.525762	7.09214	20.1196	7.22939	20.3326	-4.58448	-1.87399
1477010451900000	6.93219	20.1085	5.07775	3.58257	0.491871	lidar	1.22531	6.81542	20.1859	7.00119	20.2364	-4.54738	-1.97462
1477010451950000	6.72464	20.0139	4.94346	3.60414	0.488276	radar	0.902877	6.89359	20.1536	6.7749	20.1352	-4.50854	-2.07357
1477010452000000	6.46704	19.9228	5.00947	3.61625	0.477647	lidar	0.855178	6.38914	20.0137	6.55059	20.0292	-4.46805	-2.17079
1477010452050000	6.27411	19.8252	4.90997	3.63894	0.476991	radar	3.44115	6.67637	20.2142	6.32834	19.9183	-4.42598	-2.26625
1477010452100000	5.99745	19.7312	5.02121	3.64498	0.461438	lidar	1.75423	5.86119	19.8306	6.10823	19.8027	-4.38241	-2.35993
1477010452150000	5.73971	19.5952	5.18675	3.66594	0.460245	radar	2.33759	5.28178	19.5036	5.89034	19.6824	-4.33744	-2.45178
1477010452200000	5.56545	19.4765	5.07722	3.69404	0.465627	lidar	1.46608	5.69089	19.5755	5.67472	19.5577	-4.29114	-2.5418
1477010452250000	5.38965	19.3245	5.01545	3.72892	0.475795	radar	3.8195	5.9506	18.9859	5.46145	19.4284	-4.24359	-2.62995
1477010452300000	5.17321	19.2243	4.99938	3.74016	0.465949	lidar	2.45577	5.17021	19.4397	5.25059	19.2948	-4.19488	-2.71622
1477010452350000	5.03764	19.1031	4.73729	3.76969	0.4709	radar	7.67907	5.87397	19.301	5.04219	19.157	-4.1451	-2.80059
1477010452400000	4.85998	18.9643	4.71147	3.79509	0.472718	lidar	0.0772481	4.89149	18.982	4.8363	19.015	-4.09432	-2.88305
1477010452450000	4.62024	18.8191	4.90044	3.8085	0.464566	radar	4.58581	3.98679	19.0452	4.63297	18.8689	-4.04263	-2.96359
1477010452500000	4.43801	18.6914	4.85887	3.82706	0.461319	lidar	1.12006	4.4685	18.834	4.43224	18.7188	-3.99012	-3.0422
1477010452550000	4.29023	18.5446	4.68598	3.85509	0.464789	radar	2.07141	4.69245	18.4634	4.23416	18.5648	-3.93685	-3.11888
1477010452600000	4.15497	18.4019	4.60165	3.88418	0.470614	lidar	1.02941	4.26269	18.481	4.03876	18.4071	-3.88293	-3.19362
1477010452650000	3.92296	18.2353	4.99424	3.89778	0.464792	radar	9.61738	3.42434	18.8357	3.84606	18.2457	-3.82841	-3.26644
1477010452700000	3.66474	18.0813	5.10369	3.89809	0.444622	lidar	2.99542	3.45919	18.167	3.65611	18.0807	-3.77339	-3.33732
1477010452750000	3.55001	17.9279	4.79551	3.92916	0.450956	radar	7.27271	4.3011	17.9267	3.46891	17.9122	-3.71795	-3.40627
1477010452800000	3.31276	17.7571	4.91116	3.93445	0.435334	lidar	2.1483	3.12525	17.7493	3.28449	17.7402	-3.66215	-3.47331
1477010452850000	3.09847	17.578	5.10525	3.94719	0.428704	radar	3.82774	2.65664	17.888	3.10287	17.565	-3.60609	-3.53844
1477010452900000	2.92666	17.4585	5.01889	3.95474	0.418351	lidar	6.72847	2.9449	17.8154	2.92405	17.3866	-3.54982	-3.60167
1477010452950000	2.78297	17.2452	5.1631	3.99075	0.433224	radar	4.02308	3.26647	17.0897	2.74805	17.2051	-3.49344	-3.66302
1477010453000000	2.59796	17.0557	5.18203	4.00687	0.428414	lidar	0.164761	2.55407	17.0853	2.57486	17.0205	-3.437	-3.72251
1477010453050000	2.45766	16.8903	4.86999	4.02556	0.423931	radar	2.44773	2.55039	16.8884	2.4045	16.833	-3.38059	-3.78014
1477010453100000	2.29103	16.7216	4.86421	4.0387	0.417344	lidar	0.74599	2.25371	16.8334	2.23695	16.6427	-3.32428	-3.83595
1477010453150000	2.10371	16.5254	4.82005	4.04935	0.406703	radar	6.6116	1.57735	16.0489	2.07221	16.4497	-3.26812	-3.88995
1477010453200000	1.93951	16.2982	4.89509	4.07186	0.407576	lidar	2.10988	1.88972	16.1054	1.91027	16.254	-3.21219	-3.94216
1477010453250000	1.79759	16.1217	4.76433	4.08791	0.403125	radar	0.731299	1.74362	16.2687	1.75112	16.0557	-3.15656	-3.99261
1477010453300000	1.60512	15.9516	4.8076	4.08794	0.385885	lidar	2.43047	1.44745	16.0853	1.59474	15.8549	-3.10129	-4.04132
1477010453350000	1.46788	15.7217	5.03095	4.11566	0.394599	radar	2.04292	1.6097	15.5526	1.44111	15.6517	-3.04644	-4.08832
1477010453400000	1.291	15.4987	5.10234	4.12705	0.38681	lidar	0.950542	1.18395	15.4284	1.29021	15.4463	-2.99207	-4.13364
1477010453450000	1.12818	15.307	5.02077	4.13468	0.375957	radar	2.23312	0.828993	15.528	1.14201	15.2386	-2.93825	-4.1773
1477010453500000	0.923287	15.0804	5.13648	4.13564	0.359691	lidar	2.69533	0.722706	15.0075	0.996486	15.0288	-2.88503	-4.21933
1477010453550000	0.815259	14.9029	4.8786	4.15417	0.359173	radar	3.04914	1.03147	15.2134	0.853604	14.8169	-2.83246	-4.25977
1477010453600000	0.700543	14.6969	4.85896	4.17559	0.362291	lidar	0.0840816	0.737301	14.7047	0.71333	14.603	-2.78061	-4.29864
1477010453650000	0.584305	14.4563	5.04258	4.20186	0.370335	radar	1.79836	0.722177	14.2445	0.575628	14.3872	-2.72952	-4.33598
1477010453700000	0.410194	14.2285	5.11983	4.20544	0.356911	lidar	1.49787	0.253435	14.2029	0.440459	14.1696	-2.67925	-4.37181
1477010453750000	0.247462	13.9751	5.38903	4.21701	0.352634	radar	2.80908	-0.0328023	13.9604	0.307779	13.9502	-2.62984	-4.40617
1477010453800000	0.205497	13.732	5.29447	4.26114	0.376076	lidar	3.914	0.459172	13.6856	0.177545	13.7292	-2.58135	-4.43909
1477010453850000	0.0855171	13.4888	5.37676	4.27898	0.375834	radar	0.457944	0.0524412	13.6377	0.0497099	13.5065	-2.53381	-4.47061
1477010453900000	-0.0656568	13.249	5.41487	4.28451	0.364133	lidar	0.983031	-0.190344	13.2856	-0.0757753	13.2823	-2.48728	-4.50075
1477010453950000	-0.18097	13.0341	5.19001	4.29535	0.356359	radar	1.69717	-0.275043	13.1456	-0.198962	13.0566	-2.44179	-4.52955
1477010454000000	-0.201976	12.8211	5.05911	4.33561	0.376998	lidar	4.29242	0.0462308	12.9301	-0.319903	12.8295	-2.39739	-4.55704
1477010454050000	-0.335902	12.5941	4.94315	4.33893	0.362002	radar	4.42752	-0.684792	12.3563	-0.438654	12.6011	-2.35412	-4.58326
1477010454100000	-0.436397	12.3627	4.95654	4.35317	0.358541	lidar	0.0934464	-0.476482	12.3633	-0.555273	12.3714	-2.31202	-4.60823
1477010454150000	-0.571189	12.152	4.91141	4.35222	0.341661	radar	5.38988	-0.972122	12.5207	-0.669818	12.1404	-2.27111	-4.63198
1477010454200000	-0.637628	11.9413	4.86093	4.37301	0.345412	lidar	0.68481	-0.582624	12.0386	-0.78235	11.9083	-2.23144	-4.65456
1477010454250000	-0.786759	11.7066	4.91287	4.36766	0.324905	radar	6.3937	-1.26757	11.6495	-0.892931	11.6751	-2.19304	-4.67598
1477010454300000	-0.936537	11.4586	5.00361	4.36294	0.305843	lidar	3.38751	-1.17212	11.3988	-1.00163	11.4409	-2.15594	-4.69628
1477010454350000	-1.0034	11.2393	4.78472	4.38068	0.306496	radar	2.43594	-0.891441	10.959	-1.1085	11.2057	-2.12017	-4.71549
1477010454400000	-1.14728	11.0127	4.84858	4.37331	0.286251	lidar	3.45891	-1.39289	11.0424	-1.21362	10.9695	-2.08575	-4.73364
1477010454450000	-1.2367	10.7662	5.03259	4.38713	0.286932	radar	1.15437	-1.29894	10.9012	-1.31706	10.7324	-2.05273	-4.75075
1477010454500000	-1.35604	10.5068	5.10714	4.38958	0.275856	lidar	1.55099	-1.49687	10.4198	-1.41889	10.4945	-2.02111	-4.76686
1477010454550000	-1.46438	10.241	5.23059	4.39616	0.269496	radar	1.55427	-1.59293	10.0212	-1.51917	10.2559	-1.99093	-4.78198
1477010454600000	-1.55548	10.0308	5.17308	4.40238	0.26381	lidar	2.46176	-1.61875	10.2374	-1.61797	10.0165	-1.96221	-4.79615
1477010454650000	-1.62294	9.80935	5.0159	4.41567	0.26327	radar	0.847956	-1.59702	9.96554	-1.71539	9.77637	-1.93498	-4.80939
1477010454700000	-1.70003	9.59216	4.97998	4.42517	0.260472	lidar	0.836582	-1.73381	9.71347	-1.81147	9.53564	-1.90924	-4.82172
1477010454750000	-1.85201	9.32772	5.17182	4.41225	0.23728	radar	7.31405	-2.27191	9.37316	-1.90631	9.29431	-1.88502	-4.83316
1477010454800000	-1.93553	9.02888	5.27273	4.42511	0.237074	lidar	3.56552	-1.93833	8.77028	-1.99998	9.05243	-1.86233	-4.84374
1477010454850000	-1.99113	8.81896	5.02706	4.43793	0.236991	radar	2.54816	-1.96565	9.13274	-2.09256	8.81003	-1.8412	-4.85347
1477010454900000	-2.0821	8.56829	5.06683	4.442	0.229769	lidar	0.543666	-2.1768	8.5411	-2.18412	8.56717	-1.82164	-4.86238
1477010454950000	-2.24957	8.29799	5.17247	4.41962	0.198015	radar	9.86855	-2.65862	8.19477	-2.27474	8.32388	-1.80365	-4.87047
1477010455000000	-2.30088	8.06967	5.11362	4.43592	0.204255	lidar	0.764844	-2.21875	8.15339	-2.3645	8.0802	-1.78726	-4.87778
1477010455050000	-2.3209	7.87835	4.91413	4.45878	0.216341	radar	7.26641	-2.273	8.52315	-2.45348	7.83617	-1.77248	-4.8843
1477010455100000	-2.42176	7.62925	4.97811	4.45619	0.20391	lidar	1.71918	-2.59674	7.60288	-2.54177	7.59184	-1.75931	-4.89006
1477010455150000	-2.60522	7.3793	4.91388	4.4214	0.159958	radar	15.4898	-3.08256	7.38874	-2.62944	7.34723	-1.74777	-4.89507
1477010455200000	-2.69843	7.12754	4.97119	4.42207	0.152899	lidar	0.776785	-2.79865	7.064	-2.71658	7.10238	-1.73786	-4.89933
1477010455250000	-2.75074	6.90414	4.97173	4.43611	0.159922	radar	1.52783	-2.79412	7.20818	-2.80326	6.85734	-1.72958	-4.90286
1477010455300000	-2.80108	6.70154	4.87821	4.44788	0.164264	lidar	1.68662	-2.74651	6.86867	-2.88957	6.61214	-1.72295	-4.90566
1477010455350000	-2.81468	6.51157	4.56411	4.46789	0.173494	radar	4.3489	-2.57673	6.36755	-2.97559	6.36681	-1.71797	-4.90774
1477010455400000	-2.87567	6.27886	4.5953	4.47479	0.171584	lidar	0.169914	-2.90217	6.22989	-3.0614	6.12139	-1.71464	-4.90911
1477010455450000	-3.04093	5.99761	4.86271	4.44653	0.13669	radar	12.8372	-3.50172	6.10796	-3.14709	5.87592	-1.71297	-4.90976
1477010455500000	-3.11983	5.72112	4.96985	4.44974	0.132259	lidar	2.14939	-3.1778	5.53101	-3.23274	5.63043	-1.71295	-4.9097
1477010455550000	-3.22973	5.47001	4.86988	4.43585	0.109213	radar	4.38336	-3.19736	5.19093	-3.31843	5.38496	-1.71458	-4.90893
1477010455600000	-3.31819	5.21049	4.95712	4.43445	0.10225	lidar	1.28312	-3.43031	5.10507	-3.40424	5.13955	-1.71787	-4.90745
1477010455650000	-3.3976	4.96178	4.99862	4.43584	0.0985955	radar	0.150346	-3.4281	4.94644	-3.49026	4.89422	-1.72281	-4.90525
1477010455700000	-3.50212	4.68248	5.14659	4.42964	0.0873632	lidar	3.37878	-3.69435	4.52196	-3.57657	4.64902	-1.72939	-4.90233
1477010455750000	-3.61532	4.42409	5.05895	4.41352	0.0627658	radar	4.42261	-3.50501	4.17643	-3.66325	4.40398	-1.73763	-4.89868
1477010455800000	-3.73658	4.15407	5.2096	4.40191	0.0486736	lidar	4.34225	-4.00238	4.04684	-3.75039	4.15913	-1.74749	-4.8943
1477010455850000	-3.83257	3.90721	5.23053	4.39847	0.0432434	radar	1.16995	-4.06447	4.10977	-3.83806	3.91452	-1.75899	-4.88918
1477010455900000	-3.90744	3.67562	5.17372	4.40157	0.044509	lidar	0.354671	-3.88053	3.75177	-3.92635	3.67019	-1.77212	-4.8833
1477010455950000	-3.98213	3.51137	4.83314	4.39446	0.032655	radar	6.3011	-4.23729	3.88878	-4.01533	3.42616	-1.78686	-4.87666
1477010456000000	-4.0713	3.26988	4.89384	4.39249	0.0292607	lidar	0.471266	-4.15119	3.21968	-4.10509	3.18248	-1.8032	-4.86925
1477010456050000	-4.21064	2.97745	5.10272	4.37267	0.00406503	radar	4.75576	-4.27467	2.88187	-4.19571	2.93919	-1.82113	-4.86104
1477010456100000	-4.30094	2.7033	5.21585	4.37364	0.00412608	lidar	1.29905	-4.32451	2.55034	-4.28727	2.69633	-1.84065	-4.85202
1477010456150000	-4.40104	2.43865	5.28774	4.36988	-0.000922382	radar	0.27583	-4.38481	2.39989	-4.37985	2.45393	-1.86173	-4.84218
1477010456200000	-4.50773	2.17206	5.37811	4.36615	-0.0041072	lidar	0.916724	-4.61223	2.09192	-4.47352	2.21205	-1.88436	-4.83149
1477010456250000	-4.6104	1.96338	5.22997	4.34925	-0.0279012	radar	6.56137	-4.29257	1.92854	-4.56836	1.97072	-1.90853	-4.81994
1477010456300000	-4.72753	1.68713	5.38031	4.34448	-0.0304058	lidar	2.28464	-4.86829	1.53442	-4.66444	1.72998	-1.93422	-4.80751
1477010456350000	-4.86058	1.41306	5.53302	4.33008	-0.0467383	radar	1.82362	-4.98165	1.43611	-4.76186	1.48989	-1.9614	-4.79417
1477010456400000	-4.92026	1.17817	5.38834	4.33657	-0.0403429	lidar	3.94899	-4.66779	1.28643	-4.86066	1.25049	-1.99007	-4.7799
1477010456450000	-5.01267	0.997211	5.15295	4.32648	-0.0497791	radar	2.67258	-4.98594	1.10894	-4.96095	1.01182	-2.02019	-4.76468
1477010456500000	-5.07178	0.769401	5.06202	4.3321	-0.0440069	lidar	2.62356	-4.85498	0.825661	-5.06277	0.77393	-2.05174	-4.74848
1477010456550000	-5.18043	0.395491	5.58502	4.34256	-0.0325915	radar	10.2324	-4.84736	0.18101	-5.16621	0.536876	-2.08471	-4.73127
1477010456600000	-5.25741	0.15471	5.48917	4.34407	-0.0310583	lidar	1.50221	-5.1231	0.257311	-5.27133	0.300706	-2.11906	-4.71303
1477010456650000	-5.3645	-0.0803893	5.36588	4.34132	-0.0284461	radar	6.37484	-5.99809	-0.290765	-5.3782	0.0654719	-2.15477	-4.69374
1477010456700000	-5.43722	-0.305072	5.26257	4.34203	-0.0281283	lidar	1.47095	-5.29972	-0.212982	-5.4869	-0.168772	-2.1918	-4.67335
1477010456750000	-5.5616	-0.399178	4.91235	4.30705	-0.0650643	radar	11.4272	-5.64447	-0.144522	-5.59748	-0.401971	-2.23014	-4.65185
1477010456800000	-5.68857	-0.593006	4.84876	4.29125	-0.076575	lidar	2.59943	-5.85359	-0.445801	-5.71001	-0.634069	-2.26974	-4.62919
1477010456850000	-5.80449	-0.837985	5.13379	4.28007	-0.0889088	radar	6.87059	-5.30947	-0.724468	-5.82456	-0.865006	-2.31058	-4.60536
1477010456900000	-5.90778	-1.10283	5.21966	4.28247	-0.0815691	lidar	1.50262	-5.87835	-1.26863	-5.94118	-1.09472	-2.35262	-4.58032
1477010456950000	-5.9933	-1.41406	5.4137	4.2975	-0.0621616	radar	5.31612	-5.68069	-1.52871	-6.05993	-1.32316	-2.39581	-4.55404
1477010457000000	-6.12857	-1.6379	5.3686	4.28341	-0.072553	lidar	1.95736	-6.27263	-1.50938	-6.18087	-1.55025	-2.44014	-4.52648
1477010457050000	-6.26904	-1.89102	5.61815	4.26817	-0.0876932	radar	3.71555	-6.11355	-1.75966	-6.30406	-1.77593	-2.48555	-4.49762
1477010457100000	-6.38237	-2.14303	5.60922	4.26553	-0.0863289	lidar	0.0963374	-6.34007	-2.13685	-6.42954	-2.00014	-2.532	-4.46742
1477010457150000	-6.5402	-2.31495	5.38115	4.23718	-0.1102	radar	8.31628	-6.99344	-2.17445	-6.55738	-2.22281	-2.57946	-4.43585
1477010457200000	-6.68393	-2.5363	5.35117	4.22294	-0.118644	lidar	1.05923	-6.79288	-2.4458	-6.68761	-2.44386	-2.62788	-4.40288
1477010457250000	-6.84224	-2.74149	5.34648	4.20145	-0.134666	radar	2.98996	-7.14408	-2.67584	-6.82029	-2.66323	-2.6772	-4.36847
1477010457300000	-6.94644	-2.9952	5.37609	4.20618	-0.123647	lidar	1.72076	-6.8003	-3.10086	-6.95546	-2.88084	-2.7274	-4.3326
1477010457350000	-7.07533	-3.21637	5.28526	4.19882	-0.124297	radar	0.253802	-7.13937	-3.22028	-7.09316	-3.09663	-2.7784	-4.29523
1477010457400000	-7.19265	-3.41537	5.20838	4.18938	-0.128786	lidar	1.48877	-7.12118	-3.26434	-7.23344	-3.3105	-2.83017	-4.25632
1477010457450000	-7.33232	-3.68558	5.31715	4.19025	-0.120218	radar	5.25521	-7.77186	-4.08999	-7.37632	-3.5224	-2.88265	-4.21586
1477010457500000	-7.47058	-3.84216	5.16812	4.16686	-0.139042	lidar	6.65395	-7.49009	-3.49081	-7.52184	-3.73223	-2.93579	-4.1738
1477010457550000	-7.61644	-4.04962	5.22344	4.15303	-0.146697	radar	1.09604	-7.52393	-3.88213	-7.67004	-3.93992	-2.98953	-4.13012
1477010457600000	-7.77551	-4.27469	5.24764	4.14144	-0.150215	lidar	0.610241	-7.88049	-4.29783	-7.82094	-4.14538	-3.04381	-4.08479
1477010457650000	-7.92497	-4.49688	5.25079	4.13263	-0.151182	radar	0.375955	-8.08524	-4.57834	-7.97457	-4.34854	-3.09857	-4.03778
1477010457700000	-8.09401	-4.72957	5.29703	4.12169	-0.153559	lidar	1.15468	-8.22492	-4.79812	-8.13095	-4.5493	-3.15376	-3.98906
1477010457750000	-8.23756	-4.91772	5.05151	4.1104	-0.155911	radar	2.13605	-8.453	-4.95621	-8.2901	-4.74759	-3.2093	-3.93862
1477010457800000	-8.37403	-5.12217	5.0395	4.10381	-0.154981	lidar	0.0923487	-8.33552	-5.1059	-8.45204	-4.94331	-3.26514	-3.88641
1477010457850000	-8.53594	-5.25459	4.84521	4.07551	-0.175004	radar	7.2826	-8.55062	-4.79248	-8.61678	-5.13637	-3.32121	-3.83242
1477010457900000	-8.71824	-5.45899	4.89798	4.05929	-0.181161	lidar	2.22313	-8.91477	-5.51752	-8.78433	-5.32669	-3.37745	-3.77663
1477010457950000	-8.88055	-5.65391	4.94139	4.04691	-0.184263	radar	0.414557	-9.04115	-5.69364	-8.95469	-5.51417	-3.43377	-3.71901
1477010458000000	-9.0344	-5.83923	4.9283	4.03562	-0.186364	lidar	0.072853	-9.03391	-5.80267	-9.12788	-5.69872	-3.49012	-3.65955
1477010458050000	-9.18359	-5.97102	4.75472	4.01418	-0.198337	radar	6.84838	-8.86897	-5.41973	-9.30388	-5.88026	-3.54643	-3.59823
1477010458100000	-9.33655	-6.09164	4.65829	3.98981	-0.21284	lidar	3.95047	-9.30811	-5.82368	-9.4827	-6.05868	-3.60261	-3.53503
1477010458150000	-9.51458	-6.27802	4.7815	3.97582	-0.215863	radar	1.50844	-9.80646	-6.41174	-9.66432	-6.23389	-3.6586	-3.46994
1477010458200000	-9.66614	-6.4745	4.80102	3.97262	-0.208675	lidar	0.489842	-9.62547	-6.55958	-9.84874	-6.4058	-3.71431	-3.40295
1477010458250000	-9.90399	-6.61971	4.99326	3.93429	-0.234691	radar	13.7784	-10.6688	-6.35543	-10.0359	-6.57431	-3.76969	-3.33404
1477010458300000	-10.1041	-6.80119	5.02778	3.91764	-0.238808	lidar	0.828432	-10.2246	-6.83402	-10.2259	-6.73933	-3.82463	-3.26321
1477010458350000	-10.2922	-6.95982	5.05744	3.89945	-0.244875	radar	1.18491	-10.2205	-6.71044	-10.4186	-6.90075	-3.87907	-3.19046
1477010458400000	-10.523	-7.1574	5.14772	3.88213	-0.248606	lidar	3.96989	-10.7616	-7.29159	-10.614	-7.05849	-3.93293	-3.11577
1477010458450000	-10.7372	-7.28528	5.11545	3.85232	-0.264772	radar	4.82597	-10.8944	-6.83335	-10.8121	-7.21245	-3.98613	-3.03916
1477010458500000	-10.9804	-7.46739	5.19856	3.83177	-0.270663	lidar	3.65336	-11.2219	-7.56979	-11.0128	-7.36252	-4.03859	-2.96062
1477010458550000	-11.1654	-7.60583	5.04402	3.81524	-0.273549	radar	1.52312	-10.986	-7.3707	-11.2161	-7.50862	-4.09021	-2.88015
1477010458600000	-11.3173	-7.75202	4.97061	3.80971	-0.266776	lidar	2.96494	-11.0934	-7.6776	-11.422	-7.65064	-4.14093	-2.79777
1477010458650000	-11.5156	-7.87151	4.91419	3.78687	-0.275621	radar	2.68796	-11.4213	-7.46085	-11.6304	-7.78849	-4.19066	-2.71349
1477010458700000	-11.6846	-7.98387	4.83555	3.7702	-0.278835	lidar	2.72014	-11.5269	-7.8215	-11.8413	-7.92208	-4.23932	-2.6273
1477010458750000	-11.8749	-8.09463	4.66494	3.74905	-0.285367	radar	1.47217	-11.9422	-7.88317	-12.0546	-8.05131	-4.28682	-2.53924
1477010458800000	-12.0751	-8.19832	4.64521	3.72525	-0.294035	lidar	0.69023	-12.09	-8.08828	-12.2702	-8.17609	-4.33309	-2.44932
1477010458850000	-12.313	-8.32333	4.9528	3.70169	-0.301896	radar	4.02647	-12.4462	-8.02117	-12.4881	-8.29633	-4.37802	-2.35756
1477010458900000	-12.5109	-8.41758	4.89695	3.67915	-0.308885	lidar	1.74712	-12.4231	-8.2599	-12.7082	-8.41193	-4.42156	-2.26399
1477010458950000	-12.7107	-8.50493	4.68741	3.6548	-0.317043	radar	2.3861	-12.7461	-8.19449	-12.9304	-8.5228	-4.4636	-2.16863
1477010459000000	-12.9835	-8.61272	4.78619	3.62356	-0.330196	lidar	5.17324	-13.2911	-8.64594	-13.1547	-8.62886	-4.50407	-2.07151
1477010459050000	-13.243	-8.70718	4.94302	3.59412	-0.341376	radar	5.07791	-13.7929	-8.47158	-13.381	-8.73002	-4.54289	-1.97267
1477010459100000	-13.4584	-8.76789	4.89143	3.56499	-0.352325	lidar	2.29825	-13.384	-8.57583	-13.6092	-8.82619	-4.57997	-1.87214
1477010459150000	-13.6639	-8.81473	4.62119	3.53355	-0.365129	radar	5.54168	-13.6376	-8.26344	-13.8392	-8.91729	-4.61524	-1.76997
1477010459200000	-13.8969	-8.91569	4.66368	3.51639	-0.363993	lidar	0.831646	-13.9959	-8.99264	-14.0709	-9.00324	-4.64861	-1.6662
1477010459250000	-14.1626	-8.99914	4.96043	3.49185	-0.368978	radar	3.55812	-14.4737	-8.79552	-14.3043	-9.08395	-4.68001	-1.56086
1477010459300000	-14.3983	-9.10258	4.97809	3.47946	-0.363577	lidar	0.438063	-14.4273	-9.1875	-14.5391	-9.15936	-4.70936	-1.45402
1477010459350000	-14.6173	-9.185	4.85642	3.46365	-0.361778	radar	0.599716	-14.5757	-9.32634	-14.7754	-9.22939	-4.73658	-1.34573
1477010459400000	-14.8965	-9.20678	4.9085	3.42125	-0.383031	lidar	3.13426	-15.062	-9.04396	-15.013	-9.29397	-4.76161	-1.23603
1477010459450000	-15.1515	-9.28933	4.93323	3.40459	-0.380802	radar	4.4116	-15.6189	-9.69365	-15.2517	-9.35302	-4.78436	-1.125
1477010459500000	-15.4343	-9.3859	5.0299	3.39037	-0.376405	lidar	4.6375	-15.6682	-9.56749	-15.4916	-9.40649	-4.80476	-1.01269
1477010459550000	-15.6663	-9.42686	4.8052	3.3649	-0.382974	radar	2.30876	-15.9382	-9.35751	-15.7324	-9.45431	-4.82275	-0.899159
1477010459600000	-15.9312	-9.4959	4.86802	3.34766	-0.381249	lidar	1.82396	-16.0862	-9.59819	-15.9741	-9.49642	-4.83827	-0.784484
1477010459650000	-16.1862	-9.50067	4.8035	3.31165	-0.396373	radar	6.03948	-16.6033	-8.85459	-16.2164	-9.53277	-4.85124	-0.668734
1477010459700000	-16.4303	-9.50238	4.80396	3.27902	-0.407512	lidar	0.989807	-16.4229	-9.37029	-16.4594	-9.5633	-4.8616	-0.55198
1477010459750000	-16.6303	-9.52511	4.67918	3.25959	-0.406955	radar	4.99532	-16.011	-9.33486	-16.7027	-9.58797	-4.8693	-0.434301
1477010459800000	-16.9158	-9.51313	4.76987	3.2214	-0.422436	lidar	2.63666	-17.1132	-9.43043	-16.9464	-9.60673	-4.87427	-0.315773
1477010459850000	-17.1518	-9.59975	4.88083	3.22553	-0.399943	radar	15.2877	-16.9255	-10.8571	-17.1903	-9.61954	-4.87646	-0.196479
1477010459900000	-17.4256	-9.60141	4.93711	3.19732	-0.407098	lidar	0.844182	-17.5448	-9.57485	-17.4342	-9.62636	-4.87583	-0.0765024
1477010459950000	-17.6816	-9.59538	4.85774	3.16883	-0.414803	radar	2.73743	-18.1371	-9.39146	-17.6781	-9.62717	-4.87232	0.0440703
1477010460000000	-17.9419	-9.55749	4.88916	3.13268	-0.428131	lidar	1.11988	-17.9724	-9.42299	-17.9216	-9.62194	-4.86588	0.165151
1477010460050000	-18.1796	-9.53101	4.77908	3.10269	-0.436272	radar	1.52009	-18.3083	-9.18778	-18.1648	-9.61064	-4.85648	0.286648
1477010460100000	-18.3865	-9.54665	4.71588	3.09214	-0.426457	lidar	0.950992	-18.2763	-9.60997	-18.4074	-9.59325	-4.84408	0.40847
1477010460150000	-18.6197	-9.54048	4.81805	3.07561	-0.421465	radar	1.95116	-18.2443	-9.58547	-18.6493	-9.56977	-4.82864	0.530522
1477010460200000	-18.8782	-9.51576	4.85516	3.05156	-0.424122	lidar	0.321424	-18.9545	-9.51544	-18.8904	-9.54017	-4.81012	0.652707
1477010460250000	-19.1103	-9.47439	4.89689	3.02608	-0.427201	radar	4.17852	-18.6983	-9.02886	-19.1305	-9.50447	-4.78851	0.774927
1477010460300000	-19.3602	-9.36541	4.92905	2.97806	-0.450071	lidar	4.23881	-19.2983	-9.09865	-19.3694	-9.46265	-4.76378	0.897083
1477010460350000	-19.5909	-9.2952	4.79203	2.94392	-0.461323	radar	2.65437	-19.7037	-8.79906	-19.6069	-9.41472	-4.73591	1.01907
1477010460400000	-19.849	-9.17569	4.86532	2.89696	-0.481943	lidar	2.69481	-19.8731	-8.96417	-19.8431	-9.36071	-4.70487	1.1408
1477010460450000	-20.1024	-9.04916	4.91336	2.85047	-0.501523	radar	14.3404	-20.3815	-7.6755	-20.0775	-9.30061	-4.67066	1.26215
1477010460500000	-20.2696	-9.13691	4.69401	2.87919	-0.454946	lidar	13.5394	-20.1607	-9.59663	-20.3102	-9.23446	-4.63328	1.38303
1477010460550000	-20.5044	-9.10277	4.77128	2.8682	-0.444062	radar	3.32931	-20.4587	-9.7448	-20.5409	-9.16227	-4.59271	1.50334
1477010460600000	-20.726	-9.01002	4.77195	2.8373	-0.451426	lidar	0.724677	-20.6596	-8.91527	-20.7696	-9.08409	-4.54895	1.62296
1477010460650000	-20.9777	-8.91476	4.81098	2.80771	-0.458041	radar	4.04293	-21.5568	-8.5005	-20.9959	-8.99994	-4.50202	1.74179
1477010460700000	-21.1683	-8.84794	4.73045	2.78852	-0.454472	lidar	1.22134	-21.0195	-8.85081	-21.2198	-8.90987	-4.45191	1.85972
1477010460750000	-21.4054	-8.75618	4.73371	2.76311	-0.457459	radar	2.21452	-21.8628	-8.64129	-21.4412	-8.81393	-4.39865	1.97666
1477010460800000	-21.5899	-8.72536	4.62024	2.75808	-0.441779	lidar	1.80943	-21.5029	-8.87191	-21.6597	-8.71217	-4.34224	2.0925
1477010460850000	-21.7841	-8.58674	4.44676	2.71404	-0.462886	radar	10.8566	-21.9514	-7.41274	-21.8754	-8.60465	-4.2827	2.20712
1477010460900000	-21.9796	-8.51266	4.41832	2.69726	-0.457378	lidar	0.203885	-21.9793	-8.57089	-22.0881	-8.49143	-4.22007	2.32043
1477010460950000	-22.2004	-8.38506	4.60553	2.66922	-0.460324	radar	3.89256	-22.1914	-7.70392	-22.2975	-8.37258	-4.15437	2.43232
1477010461000000	-22.4329	-8.28712	4.65253	2.6514	-0.456303	lidar	1.42488	-22.5838	-8.35296	-22.5035	-8.24817	-4.08564	2.5427
1477010461050000	-22.6144	-8.19353	4.54932	2.63136	-0.45433	radar	1.63641	-22.3177	-8.57758	-22.7061	-8.11829	-4.01391	2.65145
1477010461100000	-22.8669	-7.96232	4.78083	2.57589	-0.483161	lidar	6.17909	-22.9861	-7.6724	-22.9049	-7.98301	-3.93923	2.75848
1477010461150000	-23.043	-7.85098	4.53264	2.54918	-0.488776	radar	4.36904	-23.2693	-8.32031	-23.1	-7.84243	-3.86163	2.8637
1477010461200000	-23.2835	-7.66505	4.70404	2.51264	-0.500018	lidar	2.83366	-23.4777	-7.56583	-23.2911	-7.69663	-3.78118	2.967
1477010461250000	-23.49	-7.50275	4.85758	2.48649	-0.499247	radar	2.03572	-23.473	-7.02103	-23.4781	-7.54572	-3.69792	3.06828
1477010461300000	-23.6549	-7.36294	4.79611	2.46159	-0.498761	lidar	0.708248	-23.5408	-7.36069	-23.6609	-7.3898	-3.61191	3.16746
1477010461350000	-23.853	-7.1825	4.87212	2.43076	-0.503779	radar	2.29489	-24.0505	-6.56968	-23.8393	-7.22897	-3.52321	3.26445
1477010461400000	-24.0039	-7.09655	4.70449	2.42322	-0.48808	lidar	2.04814	-23.9384	-7.26171	-24.0132	-7.06336	-3.43189	3.35916
1477010461450000	-24.1793	-6.89973	4.70883	2.38506	-0.501368	radar	5.42892	-24.3577	-5.94086	-24.1825	-6.89307	-3.33801	3.45149
1477010461500000	-24.3499	-6.65221	4.84319	2.33662	-0.52149	lidar	3.27481	-24.2574	-6.4352	-24.347	-6.71823	-3.24166	3.54138
1477010461550000	-24.507	-6.5046	4.68715	2.31282	-0.522221	radar	4.85008	-24.788	-7.18367	-24.5066	-6.53896	-3.14289	3.62873
1477010461600000	-24.5939	-6.38376	4.47956	2.28949	-0.518452	lidar	4.97845	-24.3008	-6.43799	-24.6612	-6.35538	-3.0418	3.71347
1477010461650000	-24.7318	-6.2061	4.46962	2.25989	-0.521811	radar	0.468695	-24.6108	-6.00878	-24.8107	-6.16764	-2.93846	3.79553
1477010461700000	-24.925	-5.9809	4.64804	2.23069	-0.525595	lidar	3.00589	-25.146	-5.91902	-24.955	-5.97587	-2.83295	3.87484
1477010461750000	-25.0598	-5.76404	4.69575	2.19537	-0.533438	radar	3.63134	-24.8975	-5.02285	-25.094	-5.7802	-2.72537	3.95132
1477010461800000	-25.1903	-5.59465	4.64542	2.17342	-0.529273	lidar	0.156888	-25.1941	-5.64372	-25.2276	-5.58079	-2.61581	4.02492
1477010461850000	-25.3426	-5.39865	4.75023	2.15489	-0.520408	radar	1.01025	-25.5328	-5.4399	-25.3556	-5.37777	-2.50435	4.09557
1477010461900000	-25.4928	-5.16194	4.85707	2.12522	-0.524084	lidar	0.605133	-25.5713	-5.10241	-25.4779	-5.1713	-2.39109	4.16322
1477010461950000	-25.6089	-5.02389	4.77728	2.11761	-0.504053	radar	14.9601	-25.0178	-6.55904	-25.5946	-4.96152	-2.27613	4.22781
1477010462000000	-25.7203	-4.8474	4.70189	2.09631	-0.500405	lidar	0.229887	-25.6952	-4.89995	-25.7055	-4.7486	-2.15956	4.2893
1477010462050000	-25.8437	-4.62997	4.774	2.07272	-0.497872	radar	0.457406	-25.8162	-4.40681	-25.8105	-4.53268	-2.04149	4.34764
1477010462100000	-25.9627	-4.36766	4.8955	2.03918	-0.50565	lidar	0.688161	-25.9516	-4.26659	-25.9096	-4.31392	-1.92202	4.40279
1477010462150000	-26.072	-4.1627	4.7458	2.0085	-0.516737	radar	11.0402	-26.8953	-4.43966	-26.0027	-4.0925	-1.80125	4.45471
1477010462200000	-26.1741	-3.85559	4.95695	1.96707	-0.530612	lidar	2.25491	-26.1198	-3.67723	-26.0897	-3.86856	-1.67928	4.50337
1477010462250000	-26.2475	-3.63879	4.80336	1.92928	-0.546632	radar	4.16383	-26.5652	-3.85723	-26.1706	-3.64227	-1.55623	4.54875
1477010462300000	-26.2832	-3.36801	4.86139	1.88323	-0.56185	lidar	5.09581	-25.9974	-3.24722	-26.2453	-3.41381	-1.4322	4.59081
1477010462350000	-26.3332	-3.13112	4.79844	1.84306	-0.576482	radar	1.35339	-26.2976	-3.01078	-26.3138	-3.18332	-1.30729	4.62954
1477010462400000	-26.3609	-2.89988	4.76614	1.80565	-0.583119	lidar	1.84683	-26.1741	-2.87885	-26.376	-2.95098	-1.18162	4.66493
1477010462450000	-26.4112	-2.70345	4.66735	1.77993	-0.580671	radar	2.86039	-26.4681	-3.44967	-26.4319	-2.71697	-1.05529	4.69696
1477010462500000	-26.4811	-2.56502	4.45553	1.76826	-0.566091	lidar	3.90274	-26.674	-2.73852	-26.4815	-2.48143	-0.928411	4.72562
1477010462550000	-26.535	-2.31573	4.55713	1.74246	-0.562603	radar	1.97977	-26.657	-1.72382	-26.5247	-2.24456	-0.80109	4.75091
1477010462600000	-26.5832	-2.11901	4.4921	1.7206	-0.557416	lidar	0.575075	-26.6691	-2.17333	-26.5616	-2.0065	-0.673434	4.77284
1477010462650000	-26.6134	-1.8694	4.57825	1.69352	-0.554152	radar	2.91109	-26.3248	-1.32261	-26.5921	-1.76744	-0.545553	4.79141
1477010462700000	-26.6152	-1.60414	4.66509	1.65623	-0.562017	lidar	1.47791	-26.4671	-1.53207	-26.6161	-1.52753	-0.417552	4.80664
1477010462750000	-26.6121	-1.41109	4.53914	1.6205	-0.571861	radar	3.79865	-26.4998	-2.19526	-26.6338	-1.28695	-0.289538	4.81852
1477010462800000	-26.6178	-1.16877	4.57988	1.59035	-0.573184	lidar	0.0643491	-26.5998	-1.14277	-26.6451	-1.04586	-0.161616	4.8271
1477010462850000	-26.6423	-0.974499	4.49334	1.57053	-0.565717	radar	6.20324	-27.2008	-1.67679	-26.65	-0.804425	-0.0338883	4.83238
1477010462900000	-26.6549	-0.68938	4.66085	1.54487	-0.563868	lidar	0.990523	-26.7355	-0.59539	-26.6485	-0.562811	0.0935412	4.83439
1477010462950000	-26.6451	-0.428774	4.74419	1.51126	-0.572535	radar	3.12845	-26.9891	0.0351487	-26.6406	-0.321181	0.220572	4.83317
1477010463000000	-26.6034	-0.0954244	5.0033	1.47403	-0.579494	lidar	2.88147	-26.4553	0.0602653	-26.6264	-0.0796947	0.347104	4.82874
1477010463050000	-26.5828	0.155519	5.01889	1.44486	-0.581905	radar	2.75129	-26.9537	0.136943	-26.6059	0.161489	0.473041	4.82116
1477010463100000	-26.558	0.472187	5.20222	1.41941	-0.578985	lidar	0.992696	-26.6201	0.57588	-26.5792	0.402213	0.598287	4.81045
1477010463150000	-26.5415	0.706823	5.12009	1.40181	-0.566175	radar	2.04153	-26.8241	0.381506	-26.5462	0.642323	0.722748	4.79667
1477010463200000	-26.529	0.996384	5.21601	1.38456	-0.55745	lidar	2.37896	-26.7293	1.06082	-26.5069	0.881666	0.846334	4.77986
1477010463250000	-26.4847	1.31602	5.34145	1.36889	-0.539921	radar	12.9936	-25.9562	2.60409	-26.4616	1.12009	0.968955	4.76007
1477010463300000	-26.4256	1.51738	5.18389	1.33858	-0.542742	lidar	0.68993	-26.3986	1.42212	-26.4101	1.35745	1.09053	4.73737
1477010463350000	-26.3914	1.64718	4.8137	1.31736	-0.534183	radar	24.9885	-26.5072	-0.563928	-26.3526	1.59361	1.21096	4.71181
1477010463400000	-26.3346	1.8456	4.72219	1.29042	-0.534551	lidar	0.235523	-26.3594	1.79315	-26.2891	1.82841	1.33018	4.68345
1477010463450000	-26.27	2.05914	4.68748	1.26387	-0.534492	radar	0.317033	-26.3475	1.82827	-26.2197	2.06173	1.44811	4.65235
1477010463500000	-26.2071	2.24344	4.58272	1.23717	-0.534768	lidar	0.355088	-26.2502	2.18481	-26.1444	2.29342	1.56467	4.61859
1477010463550000	-26.1453	2.44081	4.46625	1.21759	-0.524626	radar	1.32068	-26.069	2.27896	-26.0633	2.52336	1.67979	4.58223
1477010463600000	-26.0601	2.70822	4.62021	1.1955	-0.520845	lidar	0.692245	-26.0641	2.80701	-25.9765	2.75141	1.79339	4.54334
1477010463650000	-25.9705	2.93312	4.70656	1.1662	-0.527418	radar	2.2898	-26.3234	3.02388	-25.8841	2.97746	1.90543	4.502
1477010463700000	-25.8588	3.24981	4.9735	1.14669	-0.520882	lidar	2.10102	-25.8345	3.42005	-25.7861	3.20139	2.01582	4.45828
1477010463750000	-25.7755	3.4836	4.95976	1.12884	-0.51311	radar	2.48773	-26.1824	3.73376	-25.6826	3.42306	2.12452	4.41227
1477010463800000	-25.6697	3.68041	4.89338	1.10068	-0.515413	lidar	0.143618	-25.6666	3.63509	-25.5737	3.64239	2.23146	4.36404
1477010463850000	-25.5606	3.85913	4.79276	1.07114	-0.518722	radar	2.7646	-25.5773	3.13316	-25.4596	3.85924	2.3366	4.31367
1477010463900000	-25.4949	4.02944	4.65207	1.05326	-0.513216	lidar	3.54872	-25.7492	3.99968	-25.3402	4.07353	2.43989	4.26125
1477010463950000	-25.3785	4.20706	4.59427	1.02448	-0.515934	radar	1.11803	-25.3516	3.75691	-25.2157	4.28514	2.54127	4.20686
1477010464000000	-25.2127	4.45796	4.77074	0.996227	-0.516727	lidar	2.39448	-25.0214	4.52803	-25.0863	4.49399	2.64071	4.15058
1477010464050000	-25.0667	4.63622	4.66004	0.966948	-0.515785	radar	9.01875	-24.2719	4.30917	-24.9518	4.69998	2.73817	4.09251
1477010464100000	-24.946	4.84102	4.67756	0.947158	-0.510939	lidar	0.532804	-25.0363	4.88499	-24.8126	4.90303	2.83361	4.03273
1477010464150000	-24.7927	5.02698	4.67142	0.918386	-0.512585	radar	2.23074	-24.3609	4.95947	-24.6686	5.10304	2.92701	3.97132
1477010464200000	-24.617	5.26679	4.83163	0.895633	-0.509042	lidar	1.26937	-24.5041	5.35293	-24.5201	5.29995	3.01833	3.90839
1477010464250000	-24.4478	5.45003	4.91641	0.863008	-0.51766	radar	0.796072	-24.4379	5.24592	-24.367	5.49367	3.10754	3.84401
1477010464300000	-24.2585	5.63688	4.95621	0.83123	-0.521975	lidar	1.10293	-24.1159	5.61152	-24.2095	5.68414	3.19464	3.77827
1477010464350000	-24.1039	5.7689	4.88814	0.796388	-0.532007	radar	7.36889	-24.5638	4.75836	-24.0477	5.8713	3.27959	3.71127
1477010464400000	-23.9281	5.94308	4.89541	0.76954	-0.532134	lidar	0.0089579	-23.9153	5.94377	-23.8818	6.05508	3.36239	3.64309
1477010464450000	-23.7852	6.11072	4.62361	0.756504	-0.514386	radar	4.92352	-23.5491	6.44495	-23.7117	6.23542	3.44302	3.57383
1477010464500000	-23.6193	6.27284	4.62821	0.732916	-0.51266	lidar	0.0585746	-23.6471	6.29102	-23.5377	6.41227	3.52148	3.50357
1477010464550000	-23.4756	6.42172	4.48895	0.714691	-0.504649	radar	1.67977	-23.7544	6.53746	-23.3598	6.58559	3.59775	3.4324
1477010464600000	-23.2349	6.67534	4.78846	0.702255	-0.49135	lidar	5.39045	-23.0099	6.86182	-23.1781	6.75533	3.67185	3.36041
1477010464650000	-23.0563	6.77511	4.62713	0.667183	-0.498915	radar	8.70529	-22.7862	5.74143	-22.9928	6.92146	3.74376	3.28768
1477010464700000	-22.833	6.97129	4.78561	0.648854	-0.491976	lidar	1.63336	-22.6991	7.063	-22.804	7.08393	3.8135	3.21431
1477010464750000	-22.6264	7.1004	4.819	0.617393	-0.49835	radar	1.54364	-22.418	6.76159	-22.6117	7.24273	3.88106	3.14038
1477010464800000	-22.4378	7.25539	4.83265	0.59888	-0.493133	lidar	0.457017	-22.5083	7.31524	-22.4161	7.39782	3.94647	3.06598
1477010464850000	-22.1978	7.41952	5.09747	0.572405	-0.497423	radar	2.85511	-22.0543	7.85452	-22.2173	7.54917	4.00974	2.99118
1477010464900000	-22.0118	7.58221	5.0889	0.559903	-0.487686	lidar	2.42742	-22.1947	7.69478	-22.0154	7.69679	4.07087	2.91607
1477010464950000	-21.8163	7.77413	4.95867	0.559764	-0.462682	radar	12.8523	-21.6178	9.0351	-21.8105	7.84064	4.12989	2.84074
1477010465000000	-21.6103	7.91128	4.96096	0.539656	-0.460255	lidar	0.11619	-21.6473	7.94	-21.6026	7.98072	4.18681	2.76526
1477010465050000	-21.4315	8.01942	4.80595	0.518575	-0.457887	radar	2.4661	-21.8637	7.78661	-21.392	8.11703	4.24166	2.68971
1477010465100000	-21.2163	8.0588	4.70553	0.472745	-0.477206	lidar	3.85419	-21.0853	7.83229	-21.1787	8.24957	4.29447	2.61417
1477010465150000	-21.0189	8.21367	4.53303	0.469132	-0.455782	radar	11.8279	-20.5503	9.28616	-20.9628	8.37833	4.34526	2.53871
1477010465200000	-20.8472	8.35255	4.52651	0.461804	-0.443598	lidar	3.51826	-21.0519	8.50983	-20.7444	8.50333	4.39406	2.46341
1477010465250000	-20.5858	8.50721	4.81424	0.446994	-0.438118	radar	9.87786	-19.9265	9.40847	-20.5237	8.62457	4.4409	2.38835
1477010465300000	-20.3328	8.64084	4.91739	0.430403	-0.432684	lidar	1.03301	-20.21	8.68914	-20.3006	8.74206	4.48582	2.31358
1477010465350000	-20.1464	8.74462	4.66438	0.418237	-0.4214	radar	2.26915	-20.2277	8.8532	-20.0753	8.85583	4.52884	2.23919
1477010465400000	-19.9555	8.8366	4.62062	0.399556	-0.420013	lidar	0.666901	-20.0633	8.86724	-19.848	8.96589	4.57001	2.16524
1477010465450000	-19.7764	8.91367	4.40319	0.381568	-0.41552	radar	1.46921	-19.9264	8.78179	-19.6186	9.07227	4.60937	2.09179
1477010465500000	-19.5567	8.99228	4.42964	0.358857	-0.416744	lidar	0.298564	-19.4861	8.96665	-19.3873	9.17499	4.64694	2.01891
1477010465550000	-19.2968	9.13313	4.64284	0.352782	-0.403816	radar	13.0905	-18.5719	10.2069	-19.1542	9.27409	4.68278	1.94666
1477010465600000	-19.0018	9.23239	4.81123	0.332091	-0.402241	lidar	5.77574	-18.6786	9.19191	-18.9193	9.36959	4.71692	1.8751
1477010465650000	-18.8034	9.28772	4.7187	0.308197	-0.405896	radar	2.882	-19.2825	8.98189	-18.6827	9.46154	4.7494	1.80429
1477010465700000	-18.5404	9.39531	4.82897	0.297054	-0.397259	lidar	1.15691	-18.4242	9.46852	-18.4446	9.54996	4.78028	1.73429
1477010465750000	-18.2815	9.42549	5.0047	0.259698	-0.414367	radar	6.1974	-18.1634	8.72444	-18.2049	9.63492	4.80959	1.66514
1477010465800000	-17.9707	9.56429	5.20933	0.259013	-0.395819	lidar	4.0188	-17.7736	9.72478	-17.9639	9.71643	4.83737	1.59691
1477010465850000	-17.7253	9.65795	5.01784	0.253085	-0.38011	radar	5.33553	-17.2296	9.97767	-17.7214	9.79457	4.86368	1.52964
1477010465900000	-17.4432	9.76846	5.13806	0.247901	-0.367548	lidar	1.42623	-17.3436	9.88109	-17.4777	9.86936	4.88856	1.46338
1477010465950000	-17.1933	9.8517	5.12621	0.237391	-0.360278	radar	1.27533	-17.1554	10.212	-17.2328	9.94087	4.91205	1.39818
1477010466000000	-16.9164	9.97221	5.23365	0.238113	-0.343952	lidar	1.87753	-16.8876	10.145	-16.9868	10.0091	4.93421	1.33408
1477010466050000	-16.6648	10.0387	5.18801	0.224199	-0.340308	radar	0.200305	-16.5958	10.1078	-16.7396	10.0743	4.95507	1.27113
1477010466100000	-16.4182	10.1404	5.2124	0.222217	-0.327973	lidar	2.0582	-16.5153	10.3091	-16.4915	10.1362	4.97469	1.20937
1477010466150000	-16.1562	10.2196	5.23925	0.213285	-0.32138	radar	1.33719	-16.09	10.5824	-16.2424	10.1952	4.99311	1.14883
1477010466200000	-15.9285	10.2439	5.1573	0.188993	-0.328924	lidar	0.600363	-16.006	10.1843	-15.9924	10.2511	5.01039	1.08956
1477010466250000	-15.6889	10.2993	5.05661	0.177364	-0.323651	radar	0.491974	-15.7234	10.41	-15.7416	10.3041	5.02655	1.03159
1477010466300000	-15.4783	10.2964	4.94393	0.147896	-0.335636	lidar	1.24388	-15.5699	10.1904	-15.4899	10.3543	5.04166	0.974957
1477010466350000	-15.1383	10.3792	5.35418	0.141025	-0.328322	radar	13.8012	-14.2385	10.9109	-15.2376	10.4016	5.05576	0.919692
1477010466400000	-14.8828	10.424	5.34017	0.127747	-0.325935	lidar	0.273875	-14.9365	10.4722	-14.9846	10.4462	5.06889	0.865828
1477010466450000	-14.6767	10.4147	4.95782	0.103842	-0.328921	radar	9.69299	-14.724	9.63507	-14.7309	10.4882	5.0811	0.813394
1477010466500000	-14.4402	10.3901	4.90761	0.0722165	-0.341819	lidar	1.64785	-14.4088	10.222	-14.4766	10.5276	5.09243	0.762418
1477010466550000	-14.1756	10.4186	4.95706	0.0590021	-0.338094	radar	1.00743	-13.9005	10.5238	-14.2218	10.5645	5.10293	0.712926
1477010466600000	-13.8684	10.5526	5.1402	0.0805846	-0.304443	lidar	9.04174	-13.8049	10.9383	-13.9665	10.5989	5.11263	0.664944
1477010466650000	-13.6245	10.5991	4.93824	0.0776374	-0.290628	radar	2.92189	-13.3956	10.7857	-13.7107	10.631	5.12159	0.618496
1477010466700000	-13.3775	10.6039	4.93373	0.0590374	-0.294007	lidar	0.172766	-13.3556	10.5517	-13.4545	10.6608	5.12983	0.573603
1477010466750000	-13.1124	10.632	4.99799	0.0490986	-0.289869	radar	0.814221	-12.9374	10.8137	-13.1979	10.6884	5.13741	0.530288
1477010466800000	-12.8609	10.7154	5.0344	0.0579863	-0.270245	lidar	5.22609	-12.9591	11.0099	-12.9409	10.7138	5.14436	0.48857
1477010466850000	-12.5879	10.7737	5.01963	0.0609604	-0.254197	radar	4.73219	-12.2518	11.2495	-12.6836	10.7373	5.15071	0.448467
1477010466900000	-12.3564	10.7476	4.96112	0.0351005	-0.265671	lidar	1.11974	-12.3713	10.6091	-12.426	10.7587	5.15651	0.409997
1477010466950000	-12.1082	10.7748	4.87279	0.030195	-0.256693	radar	1.1812	-11.9352	10.9161	-12.1681	10.7783	5.16179	0.373177
1477010467000000	-11.866	10.8319	4.89109	0.0338418	-0.24293	lidar	2.92532	-11.9451	11.0515	-11.91	10.7961	5.16658	0.338022
1477010467050000	-11.5754	10.8656	4.98005	0.0319294	-0.232778	radar	5.13215	-10.9703	10.9676	-11.6516	10.8121	5.17092	0.304546
1477010467100000	-11.352	10.8782	4.92705	0.0215801	-0.232292	lidar	0.776129	-11.4548	10.9407	-11.393	10.8265	5.17484	0.272761
1477010467150000	-11.0827	10.8281	5.29721	-0.0143552	-0.259312	radar	9.12657	-11.3472	10.5111	-11.1342	10.8394	5.17836	0.242681
1477010467200000	-10.7757	10.8078	5.3854	-0.0308671	-0.261299	lidar	2.47173	-10.6009	10.6823	-10.8753	10.8509	5.18153	0.214317
1477010467250000	-10.5268	10.8013	5.278	-0.0421499	-0.2589	radar	0.470105	-10.6563	10.8369	-10.6161	10.8609	5.18435	0.187679
1477010467300000	-10.2939	10.7966	5.2129	-0.0537245	-0.258499	lidar	1.10555	-10.4142	10.8747	-10.3569	10.8697	5.18687	0.162776
1477010467350000	-10.0558	10.8382	4.87098	-0.0432202	-0.233024	radar	8.02165	-9.90413	11.2255	-10.0976	10.8772	5.1891	0.139618
1477010467400000	-9.80143	10.8793	4.91139	-0.0375762	-0.218352	lidar	2.78627	-9.83445	11.1032	-9.83809	10.8837	5.19106	0.118212
1477010467450000	-9.63094	10.8174	4.71199	-0.0680648	-0.23612	radar	9.36632	-10.195	10.3498	-9.57852	10.8891	5.19278	0.0985664
1477010467500000	-9.36102	10.8497	4.80337	-0.0623408	-0.220743	lidar	2.14668	-9.3066	11.0348	-9.31887	10.8936	5.19428	0.0806865
1477010467550000	-9.15577	10.8033	4.6659	-0.0837552	-0.229083	radar	3.39101	-9.2226	10.3527	-9.05915	10.8972	5.19557	0.0645787
1477010467600000	-8.87505	10.8429	4.78797	-0.0732198	-0.209729	lidar	3.42976	-8.78899	11.0707	-8.79937	10.9001	5.19667	0.050248
1477010467650000	-8.69021	10.7687	4.62843	-0.104113	-0.227373	radar	9.42081	-8.83914	10.0319	-8.53953	10.9023	5.19759	0.0376992
1477010467700000	-8.50417	10.7199	4.52409	-0.125789	-0.236953	lidar	1.06524	-8.62045	10.6577	-8.27965	10.9039	5.19835	0.0269359
1477010467750000	-8.2434	10.7356	4.52317	-0.118916	-0.218868	radar	5.34092	-7.91543	11.1157	-8.01974	10.905	5.19896	0.0179617
1477010467800000	-7.88282	10.7826	4.83797	-0.0960955	-0.187651	lidar	10.8934	-7.51971	11.0005	-7.75979	10.9057	5.19942	0.0107791
1477010467850000	-7.62564	10.7805	4.73311	-0.093371	-0.173616	radar	3.5505	-7.25987	10.6458	-7.49981	10.9061	5.19975	0.00539029
1477010467900000	-7.32942	10.7783	4.8769	-0.0909337	-0.16299	lidar	1.89338	-7.15631	10.815	-7.23983	10.9063	5.19994	0.00179692
1477010467950000	-7.13658	10.7851	4.55085	-0.0869375	-0.148489	radar	4.70921	-7.39396	11.0181	-6.97983	10.9064	5.2	-7.84874e-15
